0 [1, 0, 0, 0, 0, 0] ('addi', 2, 16, 2)
17 [1, 0, 17, 0, 0, 0] ('addi', 4, 2, 4)
18 [1, 0, 18, 0, 2, 0] ('mulr', 4, 4, 4)
19 [1, 0, 19, 0, 4, 0] ('mulr', 2, 4, 4)
20 [1, 0, 20, 0, 76, 0] ('muli', 4, 11, 4)
21 [1, 0, 21, 0, 836, 0] ('addi', 5, 1, 5)
22 [1, 0, 22, 0, 836, 1] ('mulr', 5, 2, 5)
23 [1, 0, 23, 0, 836, 22] ('addi', 5, 17, 5)
24 [1, 0, 24, 0, 836, 39] ('addr', 4, 5, 4)
25 [1, 0, 25, 0, 875, 39] ('addr', 2, 0, 2)
27 [1, 0, 27, 0, 875, 39] ('setr', 2, 3, 5)
28 [1, 0, 28, 0, 875, 27] ('mulr', 5, 2, 5)
29 [1, 0, 29, 0, 875, 756] ('addr', 2, 5, 5)
30 [1, 0, 30, 0, 875, 785] ('mulr', 2, 5, 5)
31 [1, 0, 31, 0, 875, 23550] ('muli', 5, 14, 5)
32 [1, 0, 32, 0, 875, 329700] ('mulr', 5, 2, 5)
33 [1, 0, 33, 0, 875, 10550400] ('addr', 4, 5, 4)
34 [1, 0, 34, 0, 10551275, 10550400] ('seti', 0, 9, 0)
35 [0, 0, 35, 0, 10551275, 10550400] ('seti', 0, 6, 2)
1 [0, 0, 1, 0, 10551275, 10550400] ('seti', 1, 1, 1)
2 [0, 1, 2, 0, 10551275, 10550400] ('seti', 1, 4, 3)
